1756885
1756885
1756885
1756885
1756885
1756885
1756885
1756885
1756885
1756885
1756885
1756885
1756885
1756885
1756885
1756885
1756885
1762074
1764737
1764737
1764737
1764237
1764060
1764060
1764060
1765959
1772784
1772784
1772784
1773018
1773018
1773018
1773018
1830052
1835351
1832468
1832468
1832543
1832618
1832693
1832768
1829106
1829181
1833814
1865716
1873873
1874023
1874173
1875196
1859840
1859990
1853201
1831366
1831591
1831741
1831081
1828976
1827801
1849083
1845289
1845436
1843628
1843972
1844434
1844620
1845046
1818681
1805635
1805860
1805106
1804787
1805162
1801239
1802135
1801832
1802878
1803849
1804895
1805866
1795428
1796827
1798206
1799377
1800685
1801854
1769406
1750905
1739830
1707951
1681085
1651967
1654094
1656274
1658604
1658762
1661069
1649629
1651594
1596560
1599115
1600969
1603189
1604923
1524720
1526674
1529021
1530725
1532892
1532708
1476111
1477940
1456181
1436723
1423844
1425905
1427763
1429805
1431602
1336896
1337892
1339163
1302641
1304352
1306327
1307730
1309791
1311122
1312824
1314493
1316311
1317904
1320004
1322341
1277832
1280124
1282262
1284650
1211127
1213438
1215499
1217834
1219918
1221535
1223473
1067082
1069094
1071107
1073566
1076395
1078926
1082056
1085111
1088389
1091444
1094574
1097629
1101049
974788
844674
846537
849144
851603
854062
856521
859200
861659
864118
866577
869110
871569
874028
595920
445176
299752
146920
147516
0
0
0
0